-10.5 0 -11 -10.5 0 -3 -10.5 0 -3
-10.5 0 -11 -10.5 0 3 -10.5 0 -3
-10.5 0 -3 -10.5 0 3 -7 0 -1.5
-7 0 -1.5 -10.5 0 3 -7 0 1.5
-7 0 1.5 -10.5 0 3 -10.5 0 3
-10.5 0 -11 -10.5 0 11 -10.5 0 -3
-10.5 0 -3 -10.5 0 11 -7 0 -1.5
-7 0 -1.5 -10.5 0 11 -7 0 1.5
-7 0 1.5 -10.5 0 11 -10.5 0 3
-10.5 0 3 -10.5 0 11 -10.5 0 11
-10.5 0 -11 -7.5 0 -11 -7.5 0 -11
-10.5 0 -11 -7.5 0 -3 -10.5 0 -3
-10.5 0 -3 -7.5 0 -3 -7.5 0 -3
-10.5 0 -11 -7.5 0 3 -10.5 0 -3
-10.5 0 -3 -7.5 0 3 -7 0 -1.5
-7 0 -1.5 -7.5 0 3 -7.5 0 3
-10.5 0 -11 -7.5 0 11 -10.5 0 -3
-10.5 0 -3 -7.5 0 11 -7 0 -1.5
-7 0 -1.5 -7.5 0 11 -7.5 0 11
-10.5 0 -11 -7 0 -1.5 -10.5 0 -3
-10.5 0 -3 -7 0 -1.5 -7 0 -1.5
-10.5 0 -11 -7 0 1.5 -10.5 0 -3
-10.5 0 -3 -7 0 1.5 -7 0 -1.5
-7 0 -1.5 -7 0 1.5 -7 0 1.5
-10.5 0 -11 -6 0 -9.5 -7.5 0 -11
-7.5 0 -11 -6 0 -9.5 -6 0 -9.5
-10.5 0 -11 -6 0 -6.5 -7.5 0 -11
-7.5 0 -11 -6 0 -6.5 -6 0 -6.5
-10.5 0 -11 -6 0 6.5 -10.5 0 -3
-10.5 0 -3 -6 0 6.5 -7 0 -1.5
-7 0 -1.5 -6 0 6.5 -6 0 6.5
-10.5 0 -11 -6 0 9.5 -10.5 0 -3
-10.5 0 -3 -6 0 9.5 -7 0 -1.5
-7 0 -1.5 -6 0 9.5 -6 0 9.5
-10.5 0 -11 -5.5 0 -4 -7.5 0 -11
-7.5 0 -11 -5.5 0 -4 -5.5 0 -4
-10.5 0 -11 -5.5 0 4 -10.5 0 -3
-10.5 0 -3 -5.5 0 4 -7 0 -1.5
-7 0 -1.5 -5.5 0 4 -5.5 0 4
-10.5 0 -11 -2.5 0 -4 -7.5 0 -11
-7.5 0 -11 -2.5 0 -4 -6 0 -6.5
-6 0 -6.5 -2.5 0 -4 -2.5 0 -4
-10.5 0 -11 -2.5 0 4 -7.5 0 -11
-7.5 0 -11 -2.5 0 4 -6 0 -6.5
-6 0 -6.5 -2.5 0 4 -2.5 0 -4
-2.5 0 -4 -2.5 0 4 -2.5 0 4
-10.5 0 -11 -1.5 0 -11 -1.5 0 -11
-10.5 0 -11 -1.5 0 11 -10.5 0 -3
-10.5 0 -3 -1.5 0 11 -7 0 -1.5
-7 0 -1.5 -1.5 0 11 -6 0 9.5
-6 0 9.5 -1.5 0 11 -1.5 0 11
-10.5 0 -11 1.5 0 -11 1.5 0 -11
-10.5 0 -11 1.5 0 11 -10.5 0 -3
-10.5 0 -3 1.5 0 11 -7 0 -1.5
-7 0 -1.5 1.5 0 11 -6 0 9.5
-6 0 9.5 1.5 0 11 1.5 0 11
-10.5 0 -11 2.5 0 -4 -7.5 0 -11
-7.5 0 -11 2.5 0 -4 -6 0 -6.5
-6 0 -6.5 2.5 0 -4 2.5 0 -4
-10.5 0 -11 2.5 0 4 -7.5 0 -11
-7.5 0 -11 2.5 0 4 -6 0 -6.5
-6 0 -6.5 2.5 0 4 -2.5 0 -4
-2.5 0 -4 2.5 0 4 2.5 0 4
-10.5 0 -11 5.5 0 -4 -7.5 0 -11
-7.5 0 -11 5.5 0 -4 -6 0 -6.5
-6 0 -6.5 5.5 0 -4 5.5 0 -4
-10.5 0 -11 5.5 0 4 -7.5 0 -11
-7.5 0 -11 5.5 0 4 -6 0 -6.5
-6 0 -6.5 5.5 0 4 -2.5 0 -4
-2.5 0 -4 5.5 0 4 2.5 0 4
2.5 0 4 5.5 0 4 5.5 0 4
-10.5 0 -11 6 0 -9.5 6 0 -9.5
-10.5 0 -11 6 0 -6.5 6 0 -9.5
6 0 -9.5 6 0 -6.5 6 0 -6.5
-10.5 0 -11 6 0 6.5 -7.5 0 -11
-7.5 0 -11 6 0 6.5 -6 0 -6.5
-6 0 -6.5 6 0 6.5 6 0 6.5
-10.5 0 -11 6 0 9.5 -7.5 0 -11
-7.5 0 -11 6 0 9.5 -6 0 -6.5
-6 0 -6.5 6 0 9.5 6 0 6.5
6 0 6.5 6 0 9.5 6 0 9.5
-10.5 0 -11 7 0 -1.5 -7.5 0 -11
-7.5 0 -11 7 0 -1.5 -6 0 -6.5
-6 0 -6.5 7 0 -1.5 5.5 0 -4
5.5 0 -4 7 0 -1.5 7 0 -1.5
-10.5 0 -11 7 0 1.5 -7.5 0 -11
-7.5 0 -11 7 0 1.5 -6 0 -6.5
-6 0 -6.5 7 0 1.5 5.5 0 -4
5.5 0 -4 7 0 1.5 7 0 1.5
-10.5 0 -11 7.5 0 -11 7.5 0 -11
-10.5 0 -11 7.5 0 -3 -7.5 0 -11
-7.5 0 -11 7.5 0 -3 -6 0 -6.5
-6 0 -6.5 7.5 0 -3 7.5 0 -3
-10.5 0 -11 7.5 0 3 -7.5 0 -11
-7.5 0 -11 7.5 0 3 -6 0 -6.5
-6 0 -6.5 7.5 0 3 -2.5 0 -4
-2.5 0 -4 7.5 0 3 2.5 0 4
2.5 0 4 7.5 0 3 7.5 0 3
-10.5 0 -11 7.5 0 11 -7.5 0 -11
-7.5 0 -11 7.5 0 11 -6 0 -6.5
-6 0 -6.5 7.5 0 11 6 0 6.5
6 0 6.5 7.5 0 11 7.5 0 11
-10.5 0 -11 10.5 0 -11 10.5 0 -11
-10.5 0 -11 10.5 0 -3 -7.5 0 -11
-7.5 0 -11 10.5 0 -3 -6 0 -6.5
-6 0 -6.5 10.5 0 -3 10.5 0 -3
-10.5 0 -11 10.5 0 3 -7.5 0 -11
-7.5 0 -11 10.5 0 3 -6 0 -6.5
-6 0 -6.5 10.5 0 3 5.5 0 -4
5.5 0 -4 10.5 0 3 7 0 1.5
7 0 1.5 10.5 0 3 10.5 0 3
-10.5 0 -11 10.5 0 11 -7.5 0 -11
-7.5 0 -11 10.5 0 11 -6 0 -6.5
-6 0 -6.5 10.5 0 11 6 0 6.5
6 0 6.5 10.5 0 11 7.5 0 11
7.5 0 11 10.5 0 11 10.5 0 11
-10.5 0 -3 -10.5 0 -11 -10.5 0 -11
-10.5 0 -3 -7.5 0 -11 -10.5 0 -11
-10.5 0 -3 -6 0 -9.5 -7.5 0 -3
-7.5 0 -3 -6 0 -9.5 -6 0 -9.5
-10.5 0 -3 -6 0 -6.5 -7.5 0 -3
-7.5 0 -3 -6 0 -6.5 -6 0 -6.5
-10.5 0 -3 -5.5 0 -4 -5.5 0 -4
-10.5 0 -3 -2.5 0 -4 -2.5 0 -4
-10.5 0 -3 -2.5 0 4 -7 0 -1.5
-7 0 -1.5 -2.5 0 4 -5.5 0 4
-5.5 0 4 -2.5 0 4 -2.5 0 4
-10.5 0 -3 -1.5 0 -11 -7.5 0 -3
-7.5 0 -3 -1.5 0 -11 -6 0 -9.5
-6 0 -9.5 -1.5 0 -11 -1.5 0 -11
-10.5 0 -3 1.5 0 -11 -7.5 0 -3
-7.5 0 -3 1.5 0 -11 -6 0 -9.5
-6 0 -9.5 1.5 0 -11 1.5 0 -11
-10.5 0 -3 2.5 0 -4 -2.5 0 -4
-2.5 0 -4 2.5 0 -4 2.5 0 -4
-10.5 0 -3 2.5 0 4 -2.5 0 -4
-10.5 0 -3 5.5 0 -4 -2.5 0 -4
-2.5 0 -4 5.5 0 -4 5.5 0 -4
-10.5 0 -3 5.5 0 4 -2.5 0 -4
-10.5 0 -3 6 0 -9.5 6 0 -6.5
6 0 -6.5 6 0 -9.5 6 0 -9.5
-10.5 0 -3 6 0 -6.5 6 0 -6.5
-10.5 0 -3 6 0 6.5 -7 0 -1.5
-7 0 -1.5 6 0 6.5 -5.5 0 4
-5.5 0 4 6 0 6.5 6 0 6.5
-10.5 0 -3 6 0 9.5 -7 0 -1.5
-7 0 -1.5 6 0 9.5 -5.5 0 4
-5.5 0 4 6 0 9.5 6 0 6.5
-10.5 0 -3 7 0 -1.5 -2.5 0 -4
-2.5 0 -4 7 0 -1.5 5.5 0 -4
-10.5 0 -3 7 0 1.5 -2.5 0 -4
-2.5 0 -4 7 0 1.5 5.5 0 -4
-10.5 0 -3 7.5 0 -11 6 0 -6.5
6 0 -6.5 7.5 0 -11 7.5 0 -11
-10.5 0 -3 7.5 0 -3 -2.5 0 -4
-2.5 0 -4 7.5 0 -3 2.5 0 -4
2.5 0 -4 7.5 0 -3 7.5 0 -3
-10.5 0 -3 7.5 0 3 -2.5 0 -4
-10.5 0 -3 7.5 0 11 -7 0 -1.5
-7 0 -1.5 7.5 0 11 -5.5 0 4
-5.5 0 4 7.5 0 11 6 0 6.5
-10.5 0 -3 10.5 0 -11 6 0 -6.5
6 0 -6.5 10.5 0 -11 7.5 0 -11
7.5 0 -11 10.5 0 -11 10.5 0 -11
-10.5 0 -3 10.5 0 -3 -2.5 0 -4
-2.5 0 -4 10.5 0 -3 2.5 0 -4
2.5 0 -4 10.5 0 -3 10.5 0 -3
-10.5 0 -3 10.5 0 3 -2.5 0 -4
-2.5 0 -4 10.5 0 3 2.5 0 4
2.5 0 4 10.5 0 3 10.5 0 3
-10.5 0 -3 10.5 0 11 -7 0 -1.5
-7 0 -1.5 10.5 0 11 -5.5 0 4
-5.5 0 4 10.5 0 11 6 0 6.5
-10.5 0 3 -10.5 0 -11 -7 0 1.5
-7 0 1.5 -10.5 0 -11 -7 0 -1.5
-7 0 -1.5 -10.5 0 -11 -10.5 0 -3
-10.5 0 3 -10.5 0 -3 -7 0 1.5
-7 0 1.5 -10.5 0 -3 -7 0 -1.5
-7 0 -1.5 -10.5 0 -3 -10.5 0 -3
-10.5 0 3 -7.5 0 -11 -7 0 1.5
-7 0 1.5 -7.5 0 -11 -7.5 0 -11
-10.5 0 3 -7.5 0 -3 -7 0 1.5
-7 0 1.5 -7.5 0 -3 -7.5 0 -3
-10.5 0 3 -7.5 0 3 -7.5 0 3
-10.5 0 3 -7.5 0 11 -10.5 0 11
-10.5 0 11 -7.5 0 11 -7.5 0 11
-10.5 0 3 -7 0 -1.5 -7 0 1.5
-7 0 1.5 -7 0 -1.5 -7 0 -1.5
-10.5 0 3 -7 0 1.5 -7 0 1.5
-10.5 0 3 -6 0 -9.5 -7 0 1.5
-7 0 1.5 -6 0 -9.5 -6 0 -9.5
-10.5 0 3 -6 0 -6.5 -7 0 1.5
-7 0 1.5 -6 0 -6.5 -6 0 -6.5
-10.5 0 3 -6 0 6.5 -7.5 0 3
-7.5 0 3 -6 0 6.5 -6 0 6.5
-10.5 0 3 -6 0 9.5 -7.5 0 3
-7.5 0 3 -6 0 9.5 -6 0 9.5
-10.5 0 3 -5.5 0 -4 -7 0 1.5
-7 0 1.5 -5.5 0 -4 -5.5 0 -4
-10.5 0 3 -5.5 0 4 -5.5 0 4
-10.5 0 3 -2.5 0 -4 -7 0 1.5
-7 0 1.5 -2.5 0 -4 -5.5 0 -4
-5.5 0 -4 -2.5 0 -4 -2.5 0 -4
-10.5 0 3 -2.5 0 4 -2.5 0 4
-10.5 0 3 -1.5 0 -11 -7 0 1.5
-7 0 1.5 -1.5 0 -11 -6 0 -9.5
-10.5 0 3 -1.5 0 11 -7.5 0 3
-7.5 0 3 -1.5 0 11 -6 0 9.5
-10.5 0 3 1.5 0 -11 -7 0 1.5
-7 0 1.5 1.5 0 -11 -6 0 -9.5
-10.5 0 3 1.5 0 11 -7.5 0 3
-7.5 0 3 1.5 0 11 -6 0 9.5
-10.5 0 3 2.5 0 -4 -2.5 0 4
-2.5 0 4 2.5 0 -4 2.5 0 -4
-10.5 0 3 2.5 0 4 -2.5 0 4
-2.5 0 4 2.5 0 4 2.5 0 4
-10.5 0 3 5.5 0 -4 -2.5 0 4
-2.5 0 4 5.5 0 -4 2.5 0 -4
2.5 0 -4 5.5 0 -4 5.5 0 -4
-10.5 0 3 5.5 0 4 -2.5 0 4
-2.5 0 4 5.5 0 4 5.5 0 4
-10.5 0 3 6 0 -9.5 -7 0 1.5
-7 0 1.5 6 0 -9.5 -5.5 0 -4
-5.5 0 -4 6 0 -9.5 6 0 -6.5
-10.5 0 3 6 0 -6.5 -7 0 1.5
-7 0 1.5 6 0 -6.5 -5.5 0 -4
-5.5 0 -4 6 0 -6.5 6 0 -6.5
-10.5 0 3 6 0 6.5 6 0 6.5
-10.5 0 3 6 0 9.5 6 0 6.5
-10.5 0 3 7 0 -1.5 -2.5 0 4
-2.5 0 4 7 0 -1.5 5.5 0 4
5.5 0 4 7 0 -1.5 7 0 -1.5
-10.5 0 3 7 0 1.5 -2.5 0 4
-2.5 0 4 7 0 1.5 5.5 0 4
5.5 0 4 7 0 1.5 7 0 1.5
-10.5 0 3 7.5 0 -11 -7 0 1.5
-7 0 1.5 7.5 0 -11 -5.5 0 -4
-5.5 0 -4 7.5 0 -11 6 0 -6.5
-10.5 0 3 7.5 0 -3 -2.5 0 4
-2.5 0 4 7.5 0 -3 2.5 0 -4
-10.5 0 3 7.5 0 3 -2.5 0 4
-2.5 0 4 7.5 0 3 2.5 0 4
-10.5 0 3 7.5 0 11 6 0 6.5
-10.5 0 3 10.5 0 -11 -7 0 1.5
-7 0 1.5 10.5 0 -11 -5.5 0 -4
-5.5 0 -4 10.5 0 -11 6 0 -6.5
-10.5 0 3 10.5 0 -3 -2.5 0 4
-2.5 0 4 10.5 0 -3 2.5 0 -4
-10.5 0 3 10.5 0 3 -2.5 0 4
-2.5 0 4 10.5 0 3 2.5 0 4
-10.5 0 3 10.5 0 11 6 0 6.5
-10.5 0 11 -10.5 0 -11 -10.5 0 3
-10.5 0 11 -10.5 0 -3 -10.5 0 3
-10.5 0 11 -10.5 0 3 -10.5 0 3
-10.5 0 11 -7.5 0 -11 -10.5 0 3
-10.5 0 11 -7.5 0 -3 -10.5 0 3
-10.5 0 11 -7.5 0 3 -10.5 0 3
-10.5 0 11 -7 0 -1.5 -10.5 0 3
-10.5 0 11 -7 0 1.5 -10.5 0 3
-10.5 0 11 -6 0 -9.5 -10.5 0 3
-10.5 0 11 -6 0 -6.5 -10.5 0 3
-10.5 0 11 -6 0 6.5 -7.5 0 11
-7.5 0 11 -6 0 6.5 -6 0 6.5
-10.5 0 11 -6 0 9.5 -7.5 0 11
-7.5 0 11 -6 0 9.5 -6 0 9.5
-10.5 0 11 -5.5 0 -4 -10.5 0 3
-10.5 0 11 -5.5 0 4 -7.5 0 11
-7.5 0 11 -5.5 0 4 -5.5 0 4
-10.5 0 11 -2.5 0 -4 -7.5 0 11
-7.5 0 11 -2.5 0 -4 -6 0 6.5
-6 0 6.5 -2.5 0 -4 -2.5 0 4
-2.5 0 4 -2.5 0 -4 -2.5 0 -4
-10.5 0 11 -2.5 0 4 -7.5 0 11
-7.5 0 11 -2.5 0 4 -6 0 6.5
-6 0 6.5 -2.5 0 4 -2.5 0 4
-10.5 0 11 -1.5 0 -11 -10.5 0 3
-10.5 0 11 -1.5 0 11 -1.5 0 11
-10.5 0 11 1.5 0 -11 -10.5 0 3
-10.5 0 11 1.5 0 11 1.5 0 11
-10.5 0 11 2.5 0 -4 -7.5 0 11
-7.5 0 11 2.5 0 -4 -6 0 6.5
-6 0 6.5 2.5 0 -4 -2.5 0 4
-10.5 0 11 2.5 0 4 -7.5 0 11
-7.5 0 11 2.5 0 4 -6 0 6.5
-6 0 6.5 2.5 0 4 2.5 0 4
-10.5 0 11 5.5 0 -4 -7.5 0 11
-7.5 0 11 5.5 0 -4 -6 0 6.5
-6 0 6.5 5.5 0 -4 -2.5 0 4
-10.5 0 11 5.5 0 4 -7.5 0 11
-7.5 0 11 5.5 0 4 -6 0 6.5
-6 0 6.5 5.5 0 4 5.5 0 4
-10.5 0 11 6 0 -9.5 -7.5 0 11
-7.5 0 11 6 0 -9.5 -6 0 6.5
-6 0 6.5 6 0 -9.5 6 0 -6.5
-10.5 0 11 6 0 -6.5 -7.5 0 11
-7.5 0 11 6 0 -6.5 -6 0 6.5
-6 0 6.5 6 0 -6.5 6 0 -6.5
-10.5 0 11 6 0 6.5 6 0 9.5
6 0 9.5 6 0 6.5 6 0 6.5
-10.5 0 11 6 0 9.5 6 0 9.5
-10.5 0 11 7 0 -1.5 -7.5 0 11
-7.5 0 11 7 0 -1.5 -6 0 6.5
-6 0 6.5 7 0 -1.5 5.5 0 4
-10.5 0 11 7 0 1.5 -7.5 0 11
-7.5 0 11 7 0 1.5 -6 0 6.5
-6 0 6.5 7 0 1.5 5.5 0 4
-10.5 0 11 7.5 0 -11 -7.5 0 11
-7.5 0 11 7.5 0 -11 -6 0 6.5
-6 0 6.5 7.5 0 -11 6 0 -6.5
-10.5 0 11 7.5 0 -3 -7.5 0 11
-7.5 0 11 7.5 0 -3 -6 0 6.5
-6 0 6.5 7.5 0 -3 -2.5 0 4
-10.5 0 11 7.5 0 3 -7.5 0 11
-7.5 0 11 7.5 0 3 -6 0 6.5
-6 0 6.5 7.5 0 3 7.5 0 3
-10.5 0 11 7.5 0 11 7.5 0 11
-10.5 0 11 10.5 0 -11 -7.5 0 11
-7.5 0 11 10.5 0 -11 -6 0 6.5
-6 0 6.5 10.5 0 -11 6 0 -6.5
-10.5 0 11 10.5 0 -3 -7.5 0 11
-7.5 0 11 10.5 0 -3 -6 0 6.5
-6 0 6.5 10.5 0 -3 5.5 0 4
5.5 0 4 10.5 0 -3 7 0 -1.5
7 0 -1.5 10.5 0 -3 10.5 0 -3
-10.5 0 11 10.5 0 3 -7.5 0 11
-7.5 0 11 10.5 0 3 -6 0 6.5
-6 0 6.5 10.5 0 3 10.5 0 3
-10.5 0 11 10.5 0 11 10.5 0 11
-7.5 0 -11 -10.5 0 -11 -10.5 0 -11
-7.5 0 -11 -10.5 0 -3 -7.5 0 -3
-7.5 0 -3 -10.5 0 -3 -10.5 0 -3
-7.5 0 -11 -10.5 0 3 -7 0 1.5
-7.5 0 -11 -10.5 0 11 -7 0 1.5
-7.5 0 -11 -7.5 0 -3 -7.5 0 -3
-7.5 0 -11 -7.5 0 3 -7 0 -1.5
-7.5 0 -11 -7.5 0 11 -7 0 1.5
-7 0 1.5 -7.5 0 11 -7.5 0 11
-7.5 0 -11 -7 0 -1.5 -7 0 -1.5
-7.5 0 -11 -7 0 1.5 -7 0 1.5
-7.5 0 -11 -6 0 6.5 -6 0 6.5
-7.5 0 -11 -6 0 9.5 -6 0 9.5
-7.5 0 -11 -5.5 0 4 -5.5 0 4
-7.5 0 -11 -1.5 0 -11 -1.5 0 -11
-7.5 0 -11 -1.5 0 11 -6 0 9.5
-7.5 0 -11 1.5 0 -11 1.5 0 -11
-7.5 0 -11 1.5 0 11 -6 0 9.5
-7.5 0 -11 6 0 -9.5 6 0 -9.5
-7.5 0 -11 6 0 -6.5 6 0 -9.5
-7.5 0 -11 7.5 0 -11 7.5 0 -11
-7.5 0 -11 10.5 0 -11 10.5 0 -11
-7.5 0 -3 -10.5 0 -11 -7.5 0 -11
-7.5 0 -3 -10.5 0 3 -7 0 1.5
-7.5 0 -3 -10.5 0 11 -7 0 1.5
-7.5 0 -3 -7.5 0 -11 -7.5 0 -11
-7.5 0 -3 -7.5 0 3 -7 0 1.5
-7 0 1.5 -7.5 0 3 -7.5 0 3
-7.5 0 -3 -7.5 0 11 -7 0 1.5
-7.5 0 -3 -7 0 -1.5 -7 0 -1.5
-7.5 0 -3 -7 0 1.5 -7 0 1.5
-7.5 0 -3 -6 0 6.5 -6 0 6.5
-7.5 0 -3 -6 0 9.5 -6 0 9.5
-7.5 0 -3 -5.5 0 -4 -5.5 0 -4
-7.5 0 -3 -5.5 0 4 -5.5 0 4
-7.5 0 -3 -2.5 0 -4 -2.5 0 -4
-7.5 0 -3 -2.5 0 4 -5.5 0 4
-7.5 0 -3 -1.5 0 11 -6 0 9.5
-7.5 0 -3 1.5 0 11 -6 0 9.5
-7.5 0 -3 2.5 0 -4 -2.5 0 -4
-7.5 0 -3 2.5 0 4 -2.5 0 -4
-7.5 0 -3 5.5 0 -4 -2.5 0 -4
-7.5 0 -3 5.5 0 4 -2.5 0 -4
-7.5 0 -3 6 0 -9.5 6 0 -6.5
-7.5 0 -3 6 0 -6.5 6 0 -6.5
-7.5 0 -3 6 0 6.5 -2.5 0 -4
-2.5 0 -4 6 0 6.5 2.5 0 4
2.5 0 4 6 0 6.5 6 0 6.5
-7.5 0 -3 6 0 9.5 -2.5 0 -4
-2.5 0 -4 6 0 9.5 2.5 0 4
2.5 0 4 6 0 9.5 6 0 6.5
-7.5 0 -3 7 0 -1.5 -2.5 0 -4
-7.5 0 -3 7 0 1.5 -2.5 0 -4
-7.5 0 -3 7.5 0 -11 6 0 -6.5
-7.5 0 -3 7.5 0 -3 -2.5 0 -4
-7.5 0 -3 7.5 0 3 -2.5 0 -4
-7.5 0 -3 7.5 0 11 -2.5 0 -4
-2.5 0 -4 7.5 0 11 2.5 0 4
2.5 0 4 7.5 0 11 6 0 6.5
-7.5 0 -3 10.5 0 -11 6 0 -6.5
-7.5 0 -3 10.5 0 -3 -2.5 0 -4
-7.5 0 -3 10.5 0 3 -2.5 0 -4
-7.5 0 -3 10.5 0 11 -2.5 0 -4
-2.5 0 -4 10.5 0 11 2.5 0 4
2.5 0 4 10.5 0 11 6 0 6.5
-7.5 0 3 -10.5 0 -11 -7 0 -1.5
-7.5 0 3 -10.5 0 -3 -7 0 -1.5
-7.5 0 3 -10.5 0 3 -10.5 0 3
-7.5 0 3 -10.5 0 11 -7.5 0 11
-7.5 0 11 -10.5 0 11 -10.5 0 11
-7.5 0 3 -7.5 0 -11 -7 0 -1.5
-7 0 -1.5 -7.5 0 -11 -7.5 0 -11
-7.5 0 3 -7.5 0 -3 -7 0 -1.5
-7 0 -1.5 -7.5 0 -3 -7.5 0 -3
-7.5 0 3 -7.5 0 11 -7.5 0 11
-7.5 0 3 -7 0 -1.5 -7 0 -1.5
-7.5 0 3 -7 0 1.5 -7 0 1.5
-7.5 0 3 -6 0 -9.5 -6 0 -9.5
-7.5 0 3 -6 0 -6.5 -6 0 -6.5
-7.5 0 3 -5.5 0 -4 -5.5 0 -4
-7.5 0 3 -5.5 0 4 -5.5 0 4
-7.5 0 3 -2.5 0 -4 -5.5 0 -4
-7.5 0 3 -2.5 0 4 -2.5 0 4
-7.5 0 3 -1.5 0 -11 -6 0 -9.5
-7.5 0 3 1.5 0 -11 -6 0 -9.5
-7.5 0 3 2.5 0 -4 -2.5 0 4
-7.5 0 3 2.5 0 4 -2.5 0 4
-7.5 0 3 5.5 0 -4 -2.5 0 4
-7.5 0 3 5.5 0 4 -2.5 0 4
-7.5 0 3 6 0 -9.5 -2.5 0 4
-2.5 0 4 6 0 -9.5 2.5 0 -4
2.5 0 -4 6 0 -9.5 6 0 -6.5
-7.5 0 3 6 0 -6.5 -2.5 0 4
-2.5 0 4 6 0 -6.5 2.5 0 -4
2.5 0 -4 6 0 -6.5 6 0 -6.5
-7.5 0 3 6 0 6.5 6 0 6.5
-7.5 0 3 6 0 9.5 6 0 6.5
-7.5 0 3 7 0 -1.5 -2.5 0 4
-7.5 0 3 7 0 1.5 -2.5 0 4
-7.5 0 3 7.5 0 -11 -2.5 0 4
-2.5 0 4 7.5 0 -11 2.5 0 -4
2.5 0 -4 7.5 0 -11 6 0 -6.5
-7.5 0 3 7.5 0 -3 -2.5 0 4
-7.5 0 3 7.5 0 3 -2.5 0 4
-7.5 0 3 7.5 0 11 6 0 6.5
-7.5 0 3 10.5 0 -11 -2.5 0 4
-2.5 0 4 10.5 0 -11 2.5 0 -4
2.5 0 -4 10.5 0 -11 6 0 -6.5
-7.5 0 3 10.5 0 -3 -2.5 0 4
-7.5 0 3 10.5 0 3 -2.5 0 4
-7.5 0 3 10.5 0 11 6 0 6.5
-7.5 0 11 -10.5 0 -11 -7 0 -1.5
-7.5 0 11 -10.5 0 -3 -7 0 -1.5
-7.5 0 11 -10.5 0 3 -7.5 0 3
-7.5 0 11 -7.5 0 -11 -7 0 -1.5
-7.5 0 11 -7.5 0 -3 -7 0 1.5
-7.5 0 11 -7.5 0 3 -7.5 0 3
-7.5 0 11 -7 0 -1.5 -7 0 -1.5
-7.5 0 11 -7 0 1.5 -7 0 1.5
-7.5 0 11 -6 0 -9.5 -6 0 -9.5
-7.5 0 11 -6 0 -6.5 -6 0 -6.5
-7.5 0 11 -5.5 0 -4 -5.5 0 -4
-7.5 0 11 -1.5 0 -11 -6 0 -9.5
-7.5 0 11 -1.5 0 11 -1.5 0 11
-7.5 0 11 1.5 0 -11 -6 0 -9.5
-7.5 0 11 1.5 0 11 1.5 0 11
-7.5 0 11 6 0 6.5 6 0 9.5
-7.5 0 11 6 0 9.5 6 0 9.5
-7.5 0 11 7.5 0 11 7.5 0 11
-7.5 0 11 10.5 0 11 10.5 0 11
-7 0 -1.5 -6 0 -9.5 -6 0 -9.5
-7 0 -1.5 -6 0 -6.5 -6 0 -6.5
-7 0 -1.5 -5.5 0 -4 -5.5 0 -4
-7 0 -1.5 -2.5 0 -4 -5.5 0 -4
-7 0 -1.5 -1.5 0 -11 -6 0 -9.5
-7 0 -1.5 1.5 0 -11 -6 0 -9.5
-7 0 -1.5 2.5 0 -4 -5.5 0 -4
-5.5 0 -4 2.5 0 -4 2.5 0 -4
-7 0 -1.5 2.5 0 4 -5.5 0 4
-5.5 0 4 2.5 0 4 2.5 0 4
-7 0 -1.5 5.5 0 -4 -5.5 0 -4
-5.5 0 -4 5.5 0 -4 5.5 0 -4
-7 0 -1.5 5.5 0 4 -5.5 0 4
-5.5 0 4 5.5 0 4 5.5 0 4
-7 0 -1.5 6 0 -9.5 -5.5 0 -4
-7 0 -1.5 6 0 -6.5 -5.5 0 -4
-7 0 -1.5 7 0 -1.5 -5.5 0 -4
-5.5 0 -4 7 0 -1.5 5.5 0 -4
-7 0 -1.5 7 0 1.5 -5.5 0 -4
-5.5 0 -4 7 0 1.5 5.5 0 -4
-7 0 -1.5 7.5 0 -11 -5.5 0 -4
-7 0 -1.5 7.5 0 -3 -5.5 0 -4
-5.5 0 -4 7.5 0 -3 2.5 0 -4
-7 0 -1.5 7.5 0 3 -5.5 0 4
-5.5 0 4 7.5 0 3 2.5 0 4
-7 0 -1.5 10.5 0 -11 -5.5 0 -4
-7 0 -1.5 10.5 0 -3 -5.5 0 -4
-5.5 0 -4 10.5 0 -3 2.5 0 -4
-7 0 -1.5 10.5 0 3 -5.5 0 4
-5.5 0 4 10.5 0 3 2.5 0 4
-7 0 1.5 -6 0 6.5 -6 0 6.5
-7 0 1.5 -6 0 9.5 -6 0 9.5
-7 0 1.5 -5.5 0 4 -5.5 0 4
-7 0 1.5 -2.5 0 4 -5.5 0 4
-7 0 1.5 -1.5 0 11 -6 0 9.5
-7 0 1.5 1.5 0 11 -6 0 9.5
-7 0 1.5 2.5 0 -4 -5.5 0 -4
-7 0 1.5 2.5 0 4 -5.5 0 4
-7 0 1.5 5.5 0 -4 -5.5 0 -4
-7 0 1.5 5.5 0 4 -5.5 0 4
-7 0 1.5 6 0 6.5 -5.5 0 4
-7 0 1.5 6 0 9.5 -5.5 0 4
-7 0 1.5 7 0 -1.5 -5.5 0 4
-5.5 0 4 7 0 -1.5 5.5 0 4
-7 0 1.5 7 0 1.5 -5.5 0 4
-5.5 0 4 7 0 1.5 5.5 0 4
-7 0 1.5 7.5 0 -3 -5.5 0 -4
-7 0 1.5 7.5 0 3 -5.5 0 4
-7 0 1.5 7.5 0 11 -5.5 0 4
-7 0 1.5 10.5 0 -3 -5.5 0 -4
-7 0 1.5 10.5 0 3 -5.5 0 4
-7 0 1.5 10.5 0 11 -5.5 0 4
-6 0 -9.5 -10.5 0 -11 -7.5 0 -11
-6 0 -9.5 -10.5 0 -3 -7.5 0 -3
-6 0 -9.5 -10.5 0 3 -7 0 1.5
-6 0 -9.5 -10.5 0 11 -7 0 1.5
-6 0 -9.5 -7.5 0 -11 -7.5 0 -11
-6 0 -9.5 -7.5 0 -3 -7.5 0 -3
-6 0 -9.5 -7.5 0 3 -7.5 0 3
-6 0 -9.5 -7.5 0 11 -7.5 0 11
-6 0 -9.5 -7 0 -1.5 -7 0 -1.5
-6 0 -9.5 -7 0 1.5 -7 0 1.5
-6 0 -9.5 -6 0 -6.5 -6 0 -6.5
-6 0 -9.5 -6 0 6.5 -6 0 6.5
-6 0 -9.5 -6 0 9.5 -6 0 9.5
-6 0 -9.5 -5.5 0 -4 -5.5 0 -4
-6 0 -9.5 -5.5 0 4 -5.5 0 4
-6 0 -9.5 -2.5 0 -4 -6 0 -6.5
-6 0 -9.5 -2.5 0 4 -6 0 -6.5
-6 0 -9.5 -1.5 0 11 -6 0 9.5
-6 0 -9.5 1.5 0 11 -6 0 9.5
-6 0 -9.5 2.5 0 -4 -6 0 -6.5
-6 0 -9.5 2.5 0 4 -6 0 -6.5
-6 0 -9.5 5.5 0 -4 -6 0 -6.5
-6 0 -9.5 5.5 0 4 -6 0 -6.5
-6 0 -9.5 6 0 -9.5 6 0 -9.5
-6 0 -9.5 6 0 -6.5 6 0 -9.5
-6 0 -9.5 6 0 6.5 -6 0 -6.5
-6 0 -9.5 6 0 9.5 -6 0 -6.5
-6 0 -9.5 7 0 -1.5 -6 0 -6.5
-6 0 -9.5 7 0 1.5 -6 0 -6.5
-6 0 -9.5 7.5 0 -11 7.5 0 -11
-6 0 -9.5 7.5 0 -3 -6 0 -6.5
-6 0 -9.5 7.5 0 3 -6 0 -6.5
-6 0 -9.5 7.5 0 11 -6 0 -6.5
-6 0 -9.5 10.5 0 -11 10.5 0 -11
-6 0 -9.5 10.5 0 -3 -6 0 -6.5
-6 0 -9.5 10.5 0 3 -6 0 -6.5
-6 0 -9.5 10.5 0 11 -6 0 -6.5
-6 0 -6.5 -10.5 0 -11 -7.5 0 -11
-6 0 -6.5 -10.5 0 -3 -7.5 0 -3
-6 0 -6.5 -10.5 0 3 -7 0 1.5
-6 0 -6.5 -10.5 0 11 -7 0 1.5
-6 0 -6.5 -7.5 0 -11 -7.5 0 -11
-6 0 -6.5 -7.5 0 -3 -7.5 0 -3
-6 0 -6.5 -7.5 0 3 -7.5 0 3
-6 0 -6.5 -7.5 0 11 -7.5 0 11
-6 0 -6.5 -7 0 -1.5 -7 0 -1.5
-6 0 -6.5 -7 0 1.5 -7 0 1.5
-6 0 -6.5 -6 0 -9.5 -6 0 -9.5
-6 0 -6.5 -6 0 6.5 -6 0 6.5
-6 0 -6.5 -6 0 9.5 -6 0 9.5
-6 0 -6.5 -5.5 0 -4 -5.5 0 -4
-6 0 -6.5 -5.5 0 4 -5.5 0 4
-6 0 -6.5 -1.5 0 -11 -6 0 -9.5
-6 0 -6.5 -1.5 0 11 -6 0 9.5
-6 0 -6.5 1.5 0 -11 -6 0 -9.5
-6 0 -6.5 1.5 0 11 -6 0 9.5
-6 0 -6.5 6 0 -9.5 6 0 -6.5
-6 0 -6.5 6 0 -6.5 6 0 -6.5
-6 0 -6.5 7.5 0 -11 -6 0 -9.5
-6 0 -6.5 10.5 0 -11 -6 0 -9.5
-6 0 6.5 -10.5 0 -11 -7 0 -1.5
-6 0 6.5 -10.5 0 -3 -7 0 -1.5
-6 0 6.5 -10.5 0 3 -7.5 0 3
-6 0 6.5 -10.5 0 11 -7.5 0 11
-6 0 6.5 -7.5 0 -11 -7.5 0 -11
-6 0 6.5 -7.5 0 -3 -7.5 0 -3
-6 0 6.5 -7.5 0 3 -7.5 0 3
-6 0 6.5 -7.5 0 11 -7.5 0 11
-6 0 6.5 -7 0 -1.5 -7 0 -1.5
-6 0 6.5 -7 0 1.5 -7 0 1.5
-6 0 6.5 -6 0 -9.5 -6 0 -9.5
-6 0 6.5 -6 0 -6.5 -6 0 -6.5
-6 0 6.5 -6 0 9.5 -6 0 9.5
-6 0 6.5 -5.5 0 -4 -5.5 0 -4
-6 0 6.5 -5.5 0 4 -5.5 0 4
-6 0 6.5 -1.5 0 -11 -6 0 -9.5
-6 0 6.5 -1.5 0 11 -6 0 9.5
-6 0 6.5 1.5 0 -11 -6 0 -9.5
-6 0 6.5 1.5 0 11 -6 0 9.5
-6 0 6.5 6 0 6.5 6 0 6.5
-6 0 6.5 6 0 9.5 6 0 6.5
-6 0 6.5 7.5 0 11 -6 0 9.5
-6 0 9.5 7.5 0 11 7.5 0 11
-6 0 6.5 10.5 0 11 -6 0 9.5
-6 0 9.5 10.5 0 11 10.5 0 11
-6 0 9.5 -10.5 0 -11 -7 0 -1.5
-6 0 9.5 -10.5 0 -3 -7 0 -1.5
-6 0 9.5 -10.5 0 3 -7.5 0 3
-6 0 9.5 -10.5 0 11 -7.5 0 11
-6 0 9.5 -7.5 0 -11 -7.5 0 -11
-6 0 9.5 -7.5 0 -3 -7.5 0 -3
-6 0 9.5 -7.5 0 3 -7.5 0 3
-6 0 9.5 -7.5 0 11 -7.5 0 11
-6 0 9.5 -7 0 -1.5 -7 0 -1.5
-6 0 9.5 -7 0 1.5 -7 0 1.5
-6 0 9.5 -6 0 -9.5 -6 0 -9.5
-6 0 9.5 -6 0 -6.5 -6 0 -6.5
-6 0 9.5 -6 0 6.5 -6 0 6.5
-6 0 9.5 -5.5 0 -4 -5.5 0 -4
-6 0 9.5 -5.5 0 4 -5.5 0 4
-6 0 9.5 -2.5 0 -4 -6 0 6.5
-6 0 9.5 -2.5 0 4 -6 0 6.5
-6 0 9.5 -1.5 0 -11 -6 0 -9.5
-6 0 9.5 1.5 0 -11 -6 0 -9.5
-6 0 9.5 2.5 0 -4 -6 0 6.5
-6 0 9.5 2.5 0 4 -6 0 6.5
-6 0 9.5 5.5 0 -4 -6 0 6.5
-6 0 9.5 5.5 0 4 -6 0 6.5
-6 0 9.5 6 0 -9.5 -6 0 6.5
-6 0 9.5 6 0 -6.5 -6 0 6.5
-6 0 9.5 6 0 6.5 6 0 9.5
-6 0 9.5 6 0 9.5 6 0 9.5
-6 0 9.5 7 0 -1.5 -6 0 6.5
-6 0 9.5 7 0 1.5 -6 0 6.5
-6 0 9.5 7.5 0 -11 -6 0 6.5
-6 0 9.5 7.5 0 -3 -6 0 6.5
-6 0 9.5 7.5 0 3 -6 0 6.5
-6 0 9.5 10.5 0 -11 -6 0 6.5
-6 0 9.5 10.5 0 -3 -6 0 6.5
-6 0 9.5 10.5 0 3 -6 0 6.5
-5.5 0 -4 -10.5 0 -11 -7.5 0 -11
-5.5 0 -4 -10.5 0 -3 -10.5 0 -3
-5.5 0 -4 -10.5 0 3 -7 0 1.5
-5.5 0 -4 -10.5 0 11 -7 0 1.5
-5.5 0 -4 -7.5 0 -11 -7.5 0 -11
-5.5 0 -4 -7.5 0 -3 -7.5 0 -3
-5.5 0 -4 -7.5 0 3 -7.5 0 3
-5.5 0 -4 -7.5 0 11 -7.5 0 11
-5.5 0 -4 -7 0 -1.5 -7 0 -1.5
-5.5 0 -4 -7 0 1.5 -7 0 1.5
-5.5 0 -4 -6 0 -9.5 -6 0 -9.5
-5.5 0 -4 -6 0 -6.5 -6 0 -6.5
-5.5 0 -4 -6 0 6.5 -6 0 6.5
-5.5 0 -4 -6 0 9.5 -6 0 9.5
-5.5 0 -4 -5.5 0 4 -5.5 0 4
-5.5 0 -4 -2.5 0 4 -5.5 0 4
-5.5 0 -4 -1.5 0 -11 -6 0 -9.5
-5.5 0 -4 -1.5 0 11 -6 0 9.5
-5.5 0 -4 1.5 0 -11 -6 0 -9.5
-5.5 0 -4 1.5 0 11 -6 0 9.5
-5.5 0 -4 2.5 0 4 -2.5 0 -4
-5.5 0 -4 5.5 0 4 -2.5 0 -4
-5.5 0 -4 6 0 6.5 -2.5 0 -4
-5.5 0 -4 6 0 9.5 -2.5 0 -4
-5.5 0 -4 7.5 0 3 -2.5 0 -4
-5.5 0 -4 7.5 0 11 -2.5 0 -4
-5.5 0 -4 10.5 0 3 -2.5 0 -4
-5.5 0 -4 10.5 0 11 -2.5 0 -4
-5.5 0 4 -10.5 0 -11 -7 0 -1.5
-5.5 0 4 -10.5 0 -3 -7 0 -1.5
-5.5 0 4 -10.5 0 3 -10.5 0 3
-5.5 0 4 -10.5 0 11 -7.5 0 11
-5.5 0 4 -7.5 0 -11 -7.5 0 -11
-5.5 0 4 -7.5 0 -3 -7.5 0 -3
-5.5 0 4 -7.5 0 3 -7.5 0 3
-5.5 0 4 -7.5 0 11 -7.5 0 11
-5.5 0 4 -7 0 -1.5 -7 0 -1.5
-5.5 0 4 -7 0 1.5 -7 0 1.5
-5.5 0 4 -6 0 -9.5 -6 0 -9.5
-5.5 0 4 -6 0 -6.5 -6 0 -6.5
-5.5 0 4 -6 0 6.5 -6 0 6.5
-5.5 0 4 -6 0 9.5 -6 0 9.5
-5.5 0 4 -5.5 0 -4 -5.5 0 -4
-5.5 0 4 -2.5 0 -4 -5.5 0 -4
-5.5 0 4 -1.5 0 -11 -6 0 -9.5
-5.5 0 4 -1.5 0 11 -6 0 9.5
-5.5 0 4 1.5 0 -11 -6 0 -9.5
-5.5 0 4 1.5 0 11 -6 0 9.5
-5.5 0 4 2.5 0 -4 -2.5 0 4
-5.5 0 4 5.5 0 -4 -2.5 0 4
-5.5 0 4 6 0 -9.5 -2.5 0 4
-5.5 0 4 6 0 -6.5 -2.5 0 4
-5.5 0 4 7.5 0 -11 -2.5 0 4
-5.5 0 4 7.5 0 -3 -2.5 0 4
-5.5 0 4 10.5 0 -11 -2.5 0 4
-5.5 0 4 10.5 0 -3 -2.5 0 4
-2.5 0 -4 -10.5 0 -11 -6 0 -6.5
-2.5 0 -4 -10.5 0 -3 -10.5 0 -3
-2.5 0 -4 -10.5 0 3 -5.5 0 -4
-2.5 0 -4 -10.5 0 11 -2.5 0 4
-2.5 0 4 -10.5 0 11 -6 0 6.5
-2.5 0 -4 -7.5 0 -11 -6 0 -6.5
-2.5 0 -4 -7.5 0 -3 -7.5 0 -3
-2.5 0 -4 -7.5 0 3 -5.5 0 -4
-2.5 0 -4 -7.5 0 11 -2.5 0 4
-2.5 0 4 -7.5 0 11 -6 0 6.5
-2.5 0 -4 -7 0 -1.5 -5.5 0 -4
-2.5 0 -4 -7 0 1.5 -5.5 0 -4
-2.5 0 -4 -6 0 -9.5 -6 0 -6.5
-2.5 0 -4 -6 0 -6.5 -6 0 -6.5
-2.5 0 -4 -6 0 6.5 -2.5 0 4
-2.5 0 4 -6 0 6.5 -6 0 6.5
-2.5 0 -4 -6 0 9.5 -2.5 0 4
-2.5 0 4 -6 0 9.5 -6 0 6.5
-2.5 0 -4 -5.5 0 -4 -5.5 0 -4
-2.5 0 -4 -5.5 0 4 -2.5 0 4
-2.5 0 4 -5.5 0 4 -5.5 0 4
-2.5 0 -4 -1.5 0 -11 -6 0 -6.5
-2.5 0 -4 -1.5 0 11 -2.5 0 4
-2.5 0 4 -1.5 0 11 -6 0 6.5
-2.5 0 -4 1.5 0 -11 -6 0 -6.5
-2.5 0 -4 1.5 0 11 2.5 0 4
2.5 0 4 1.5 0 11 6 0 6.5
6 0 6.5 1.5 0 11 6 0 9.5
6 0 9.5 1.5 0 11 1.5 0 11
-2.5 0 -4 6 0 -9.5 6 0 -6.5
-2.5 0 -4 6 0 -6.5 6 0 -6.5
-2.5 0 -4 7.5 0 -11 6 0 -6.5
-2.5 0 -4 10.5 0 -11 6 0 -6.5
-2.5 0 4 -10.5 0 -11 -2.5 0 -4
-2.5 0 4 -10.5 0 -3 -5.5 0 4
-2.5 0 4 -10.5 0 3 -10.5 0 3
-2.5 0 4 -7.5 0 -11 -2.5 0 -4
-2.5 0 4 -7.5 0 -3 -5.5 0 4
-2.5 0 4 -7.5 0 3 -7.5 0 3
-2.5 0 4 -7 0 -1.5 -5.5 0 4
-2.5 0 4 -7 0 1.5 -5.5 0 4
-2.5 0 4 -6 0 -9.5 -2.5 0 -4
-2.5 0 4 -6 0 -6.5 -2.5 0 -4
-2.5 0 4 -5.5 0 -4 -2.5 0 -4
-2.5 0 4 -1.5 0 -11 -2.5 0 -4
-2.5 0 4 1.5 0 -11 2.5 0 -4
2.5 0 -4 1.5 0 -11 6 0 -6.5
6 0 -6.5 1.5 0 -11 6 0 -9.5
6 0 -9.5 1.5 0 -11 1.5 0 -11
-2.5 0 4 1.5 0 11 -6 0 6.5
-2.5 0 4 6 0 6.5 6 0 6.5
-2.5 0 4 6 0 9.5 6 0 6.5
-2.5 0 4 7.5 0 11 6 0 6.5
-2.5 0 4 10.5 0 11 6 0 6.5
-1.5 0 -11 -10.5 0 -11 -10.5 0 -11
-1.5 0 -11 -10.5 0 -3 -6 0 -9.5
-1.5 0 -11 -10.5 0 3 -6 0 -9.5
-1.5 0 -11 -10.5 0 11 -6 0 -9.5
-1.5 0 -11 -7.5 0 -11 -7.5 0 -11
-1.5 0 -11 -7.5 0 -3 -6 0 -9.5
-1.5 0 -11 -7.5 0 3 -6 0 -9.5
-1.5 0 -11 -7.5 0 11 -6 0 -9.5
-1.5 0 -11 -7 0 -1.5 -6 0 -9.5
-1.5 0 -11 -7 0 1.5 -6 0 -9.5
-1.5 0 -11 -6 0 -9.5 -6 0 -9.5
-1.5 0 -11 -6 0 -6.5 -6 0 -9.5
-1.5 0 -11 -6 0 6.5 -6 0 -9.5
-1.5 0 -11 -6 0 9.5 -6 0 -9.5
-1.5 0 -11 -5.5 0 -4 -6 0 -9.5
-1.5 0 -11 -5.5 0 4 -6 0 -9.5
-1.5 0 -11 -2.5 0 -4 -6 0 -9.5
-1.5 0 -11 -2.5 0 4 -6 0 -9.5
-1.5 0 -11 -1.5 0 11 -6 0 -9.5
-1.5 0 -11 1.5 0 -11 1.5 0 -11
-1.5 0 -11 1.5 0 11 6 0 -9.5
6 0 -9.5 1.5 0 11 6 0 9.5
-1.5 0 -11 2.5 0 -4 6 0 -9.5
6 0 -9.5 2.5 0 -4 6 0 -6.5
6 0 -6.5 2.5 0 -4 2.5 0 -4
-1.5 0 -11 2.5 0 4 -6 0 -9.5
-1.5 0 -11 5.5 0 -4 6 0 -9.5
6 0 -9.5 5.5 0 -4 5.5 0 -4
-1.5 0 -11 5.5 0 4 6 0 -9.5
6 0 -9.5 5.5 0 4 5.5 0 4
-1.5 0 -11 6 0 -9.5 6 0 -9.5
-1.5 0 -11 6 0 -6.5 6 0 -9.5
-1.5 0 -11 6 0 6.5 6 0 -9.5
6 0 -9.5 6 0 6.5 6 0 6.5
-1.5 0 -11 6 0 9.5 6 0 -9.5
6 0 -9.5 6 0 9.5 6 0 9.5
-1.5 0 -11 7 0 -1.5 6 0 -9.5
6 0 -9.5 7 0 -1.5 7 0 -1.5
-1.5 0 -11 7 0 1.5 6 0 -9.5
6 0 -9.5 7 0 1.5 7 0 1.5
-1.5 0 -11 7.5 0 -11 7.5 0 -11
-1.5 0 -11 7.5 0 -3 6 0 -9.5
6 0 -9.5 7.5 0 -3 7.5 0 -3
-1.5 0 -11 7.5 0 3 6 0 -9.5
6 0 -9.5 7.5 0 3 7.5 0 3
-1.5 0 -11 7.5 0 11 6 0 -9.5
6 0 -9.5 7.5 0 11 7.5 0 11
-1.5 0 -11 10.5 0 -11 10.5 0 -11
-1.5 0 -11 10.5 0 -3 6 0 -9.5
6 0 -9.5 10.5 0 -3 7.5 0 -3
7.5 0 -3 10.5 0 -3 10.5 0 -3
-1.5 0 -11 10.5 0 3 6 0 -9.5
6 0 -9.5 10.5 0 3 7 0 1.5
-1.5 0 -11 10.5 0 11 6 0 -9.5
6 0 -9.5 10.5 0 11 7 0 1.5
7 0 1.5 10.5 0 11 10.5 0 3
10.5 0 3 10.5 0 11 10.5 0 11
-1.5 0 11 -10.5 0 -11 -6 0 9.5
-1.5 0 11 -10.5 0 -3 -6 0 9.5
-1.5 0 11 -10.5 0 3 -6 0 9.5
-1.5 0 11 -10.5 0 11 -10.5 0 11
-1.5 0 11 -7.5 0 -11 -6 0 9.5
-1.5 0 11 -7.5 0 -3 -6 0 9.5
-1.5 0 11 -7.5 0 3 -6 0 9.5
-1.5 0 11 -7.5 0 11 -7.5 0 11
-1.5 0 11 -7 0 -1.5 -6 0 9.5
-1.5 0 11 -7 0 1.5 -6 0 9.5
-1.5 0 11 -6 0 -9.5 -6 0 9.5
-1.5 0 11 -6 0 -6.5 -6 0 9.5
-1.5 0 11 -6 0 6.5 -6 0 9.5
-1.5 0 11 -6 0 9.5 -6 0 9.5
-1.5 0 11 -5.5 0 -4 -6 0 9.5
-1.5 0 11 -5.5 0 4 -6 0 9.5
-1.5 0 11 -2.5 0 -4 -6 0 9.5
-1.5 0 11 -2.5 0 4 -6 0 9.5
-1.5 0 11 -1.5 0 -11 -6 0 9.5
-1.5 0 11 1.5 0 -11 6 0 9.5
6 0 9.5 1.5 0 -11 6 0 -9.5
-1.5 0 11 1.5 0 11 1.5 0 11
-1.5 0 11 2.5 0 -4 -6 0 9.5
-1.5 0 11 2.5 0 4 6 0 9.5
6 0 9.5 2.5 0 4 6 0 6.5
6 0 6.5 2.5 0 4 2.5 0 4
-1.5 0 11 5.5 0 -4 6 0 9.5
6 0 9.5 5.5 0 -4 5.5 0 -4
-1.5 0 11 5.5 0 4 6 0 9.5
6 0 9.5 5.5 0 4 5.5 0 4
-1.5 0 11 6 0 -9.5 6 0 9.5
6 0 9.5 6 0 -9.5 6 0 -9.5
-1.5 0 11 6 0 -6.5 6 0 9.5
6 0 9.5 6 0 -6.5 6 0 -6.5
-1.5 0 11 6 0 6.5 6 0 9.5
-1.5 0 11 6 0 9.5 6 0 9.5
-1.5 0 11 7 0 -1.5 6 0 9.5
6 0 9.5 7 0 -1.5 7 0 -1.5
-1.5 0 11 7 0 1.5 6 0 9.5
6 0 9.5 7 0 1.5 7 0 1.5
-1.5 0 11 7.5 0 -11 6 0 9.5
6 0 9.5 7.5 0 -11 7.5 0 -11
-1.5 0 11 7.5 0 -3 6 0 9.5
6 0 9.5 7.5 0 -3 7.5 0 -3
-1.5 0 11 7.5 0 3 6 0 9.5
6 0 9.5 7.5 0 3 7.5 0 3
-1.5 0 11 7.5 0 11 7.5 0 11
-1.5 0 11 10.5 0 -11 6 0 9.5
6 0 9.5 10.5 0 -11 7 0 -1.5
7 0 -1.5 10.5 0 -11 10.5 0 -3
10.5 0 -3 10.5 0 -11 10.5 0 -11
-1.5 0 11 10.5 0 -3 6 0 9.5
6 0 9.5 10.5 0 -3 7 0 -1.5
-1.5 0 11 10.5 0 3 6 0 9.5
6 0 9.5 10.5 0 3 7.5 0 3
7.5 0 3 10.5 0 3 10.5 0 3
-1.5 0 11 10.5 0 11 10.5 0 11
1.5 0 -11 -10.5 0 -11 -10.5 0 -11
1.5 0 -11 -10.5 0 -3 -6 0 -9.5
1.5 0 -11 -10.5 0 3 -6 0 -9.5
1.5 0 -11 -10.5 0 11 -6 0 -9.5
1.5 0 -11 -7.5 0 -11 -7.5 0 -11
1.5 0 -11 -7.5 0 -3 -6 0 -9.5
1.5 0 -11 -7.5 0 3 -6 0 -9.5
1.5 0 -11 -7.5 0 11 -6 0 -9.5
1.5 0 -11 -7 0 -1.5 -6 0 -9.5
1.5 0 -11 -7 0 1.5 -6 0 -9.5
1.5 0 -11 -6 0 -9.5 -6 0 -9.5
1.5 0 -11 -6 0 -6.5 -6 0 -9.5
1.5 0 -11 -6 0 6.5 -6 0 -9.5
1.5 0 -11 -6 0 9.5 -6 0 -9.5
1.5 0 -11 -5.5 0 -4 -6 0 -9.5
1.5 0 -11 -5.5 0 4 -6 0 -9.5
1.5 0 -11 -2.5 0 -4 -6 0 -9.5
1.5 0 -11 -2.5 0 4 6 0 -9.5
6 0 -9.5 -2.5 0 4 6 0 -6.5
6 0 -6.5 -2.5 0 4 2.5 0 -4
2.5 0 -4 -2.5 0 4 -2.5 0 4
1.5 0 -11 -1.5 0 -11 -1.5 0 -11
1.5 0 -11 -1.5 0 11 -6 0 -9.5
1.5 0 -11 1.5 0 11 6 0 -9.5
1.5 0 -11 2.5 0 -4 6 0 -9.5
1.5 0 -11 2.5 0 4 6 0 -9.5
6 0 -9.5 2.5 0 4 6 0 -6.5
6 0 -6.5 2.5 0 4 2.5 0 -4
2.5 0 -4 2.5 0 4 2.5 0 4
1.5 0 -11 5.5 0 -4 6 0 -9.5
1.5 0 -11 5.5 0 4 6 0 -9.5
1.5 0 -11 6 0 -9.5 6 0 -9.5
1.5 0 -11 6 0 -6.5 6 0 -9.5
1.5 0 -11 6 0 6.5 6 0 -9.5
1.5 0 -11 6 0 9.5 6 0 -9.5
1.5 0 -11 7 0 -1.5 6 0 -9.5
1.5 0 -11 7 0 1.5 6 0 -9.5
1.5 0 -11 7.5 0 -11 7.5 0 -11
1.5 0 -11 7.5 0 -3 6 0 -9.5
1.5 0 -11 7.5 0 3 6 0 -9.5
1.5 0 -11 7.5 0 11 6 0 -9.5
1.5 0 -11 10.5 0 -11 10.5 0 -11
1.5 0 -11 10.5 0 -3 6 0 -9.5
1.5 0 -11 10.5 0 3 6 0 -9.5
1.5 0 -11 10.5 0 11 6 0 -9.5
1.5 0 11 -10.5 0 -11 -6 0 9.5
1.5 0 11 -10.5 0 -3 -6 0 9.5
1.5 0 11 -10.5 0 3 -6 0 9.5
1.5 0 11 -10.5 0 11 -10.5 0 11
1.5 0 11 -7.5 0 -11 -6 0 9.5
1.5 0 11 -7.5 0 -3 -6 0 9.5
1.5 0 11 -7.5 0 3 -6 0 9.5
1.5 0 11 -7.5 0 11 -7.5 0 11
1.5 0 11 -7 0 -1.5 -6 0 9.5
1.5 0 11 -7 0 1.5 -6 0 9.5
1.5 0 11 -6 0 -9.5 -6 0 9.5
1.5 0 11 -6 0 -6.5 -6 0 9.5
1.5 0 11 -6 0 6.5 -6 0 9.5
1.5 0 11 -6 0 9.5 -6 0 9.5
1.5 0 11 -5.5 0 -4 -6 0 9.5
1.5 0 11 -5.5 0 4 -6 0 9.5
1.5 0 11 -2.5 0 -4 6 0 9.5
6 0 9.5 -2.5 0 -4 6 0 6.5
6 0 6.5 -2.5 0 -4 2.5 0 4
2.5 0 4 -2.5 0 -4 -2.5 0 -4
1.5 0 11 -2.5 0 4 -6 0 9.5
1.5 0 11 -1.5 0 -11 -6 0 9.5
1.5 0 11 -1.5 0 11 -1.5 0 11
1.5 0 11 1.5 0 -11 6 0 9.5
1.5 0 11 2.5 0 -4 6 0 9.5
6 0 9.5 2.5 0 -4 6 0 6.5
6 0 6.5 2.5 0 -4 2.5 0 4
2.5 0 4 2.5 0 -4 2.5 0 -4
1.5 0 11 2.5 0 4 6 0 9.5
1.5 0 11 5.5 0 -4 6 0 9.5
1.5 0 11 5.5 0 4 6 0 9.5
1.5 0 11 6 0 -9.5 6 0 9.5
1.5 0 11 6 0 -6.5 6 0 9.5
1.5 0 11 6 0 6.5 6 0 9.5
1.5 0 11 6 0 9.5 6 0 9.5
1.5 0 11 7 0 -1.5 6 0 9.5
1.5 0 11 7 0 1.5 6 0 9.5
1.5 0 11 7.5 0 -11 6 0 9.5
1.5 0 11 7.5 0 -3 6 0 9.5
1.5 0 11 7.5 0 3 6 0 9.5
1.5 0 11 7.5 0 11 7.5 0 11
1.5 0 11 10.5 0 -11 6 0 9.5
1.5 0 11 10.5 0 -3 6 0 9.5
1.5 0 11 10.5 0 3 6 0 9.5
1.5 0 11 10.5 0 11 10.5 0 11
2.5 0 -4 -10.5 0 -11 -6 0 -6.5
2.5 0 -4 -10.5 0 -3 -2.5 0 -4
2.5 0 -4 -10.5 0 3 -2.5 0 4
2.5 0 -4 -10.5 0 11 -2.5 0 4
2.5 0 -4 -7.5 0 -11 -6 0 -6.5
2.5 0 -4 -7.5 0 -3 -2.5 0 -4
2.5 0 -4 -7.5 0 3 -2.5 0 4
2.5 0 -4 -7.5 0 11 -2.5 0 4
2.5 0 -4 -7 0 -1.5 -5.5 0 -4
2.5 0 -4 -7 0 1.5 -5.5 0 -4
2.5 0 -4 -6 0 -9.5 -6 0 -6.5
2.5 0 -4 -6 0 -6.5 -6 0 -6.5
2.5 0 -4 -6 0 6.5 -2.5 0 4
2.5 0 -4 -6 0 9.5 -2.5 0 4
2.5 0 -4 -5.5 0 -4 -5.5 0 -4
2.5 0 -4 -5.5 0 4 -2.5 0 4
2.5 0 -4 -2.5 0 -4 -2.5 0 -4
2.5 0 -4 -1.5 0 -11 6 0 -6.5
6 0 -6.5 -1.5 0 -11 6 0 -9.5
6 0 -9.5 -1.5 0 -11 -1.5 0 -11
2.5 0 -4 -1.5 0 11 -2.5 0 4
2.5 0 -4 1.5 0 11 2.5 0 4
2.5 0 -4 5.5 0 4 2.5 0 4
2.5 0 -4 6 0 6.5 2.5 0 4
2.5 0 -4 6 0 9.5 2.5 0 4
2.5 0 -4 7 0 -1.5 5.5 0 -4
2.5 0 -4 7 0 1.5 5.5 0 -4
2.5 0 -4 7.5 0 3 5.5 0 -4
5.5 0 -4 7.5 0 3 7.5 0 3
2.5 0 -4 7.5 0 11 2.5 0 4
2.5 0 -4 10.5 0 3 5.5 0 -4
2.5 0 -4 10.5 0 11 2.5 0 4
2.5 0 4 -10.5 0 -11 -2.5 0 -4
2.5 0 4 -10.5 0 -3 -2.5 0 -4
2.5 0 4 -10.5 0 3 -2.5 0 4
2.5 0 4 -10.5 0 11 -6 0 6.5
2.5 0 4 -7.5 0 -11 -2.5 0 -4
2.5 0 4 -7.5 0 -3 -2.5 0 -4
2.5 0 4 -7.5 0 3 -2.5 0 4
2.5 0 4 -7.5 0 11 -6 0 6.5
2.5 0 4 -7 0 -1.5 -5.5 0 4
2.5 0 4 -7 0 1.5 -5.5 0 4
2.5 0 4 -6 0 -9.5 -2.5 0 -4
2.5 0 4 -6 0 -6.5 -2.5 0 -4
2.5 0 4 -6 0 6.5 -6 0 6.5
2.5 0 4 -6 0 9.5 -6 0 6.5
2.5 0 4 -5.5 0 -4 -2.5 0 -4
2.5 0 4 -5.5 0 4 -5.5 0 4
2.5 0 4 -2.5 0 4 -2.5 0 4
2.5 0 4 -1.5 0 -11 -2.5 0 -4
2.5 0 4 -1.5 0 11 6 0 6.5
6 0 6.5 -1.5 0 11 6 0 9.5
6 0 9.5 -1.5 0 11 -1.5 0 11
2.5 0 4 1.5 0 -11 2.5 0 -4
2.5 0 4 5.5 0 -4 2.5 0 -4
2.5 0 4 6 0 -9.5 2.5 0 -4
2.5 0 4 6 0 -6.5 2.5 0 -4
2.5 0 4 7 0 -1.5 5.5 0 4
2.5 0 4 7 0 1.5 5.5 0 4
2.5 0 4 7.5 0 -11 2.5 0 -4
2.5 0 4 7.5 0 -3 5.5 0 4
5.5 0 4 7.5 0 -3 7.5 0 -3
2.5 0 4 10.5 0 -11 2.5 0 -4
2.5 0 4 10.5 0 -3 5.5 0 4
5.5 0 -4 -10.5 0 -11 -6 0 -6.5
5.5 0 -4 -10.5 0 -3 -2.5 0 -4
5.5 0 -4 -10.5 0 3 2.5 0 -4
5.5 0 -4 -10.5 0 11 2.5 0 -4
5.5 0 -4 -7.5 0 -11 -6 0 -6.5
5.5 0 -4 -7.5 0 -3 -2.5 0 -4
5.5 0 -4 -7.5 0 3 2.5 0 -4
5.5 0 -4 -7.5 0 11 2.5 0 -4
5.5 0 -4 -7 0 -1.5 -5.5 0 -4
5.5 0 -4 -7 0 1.5 -5.5 0 -4
5.5 0 -4 -6 0 -9.5 -6 0 -6.5
5.5 0 -4 -6 0 -6.5 -6 0 -6.5
5.5 0 -4 -6 0 6.5 2.5 0 -4
5.5 0 -4 -6 0 9.5 2.5 0 -4
5.5 0 -4 -5.5 0 -4 -5.5 0 -4
5.5 0 -4 -5.5 0 4 2.5 0 -4
5.5 0 -4 -2.5 0 -4 -2.5 0 -4
5.5 0 -4 -2.5 0 4 2.5 0 -4
5.5 0 -4 -1.5 0 -11 6 0 -9.5
5.5 0 -4 -1.5 0 11 6 0 9.5
5.5 0 -4 1.5 0 -11 6 0 -9.5
5.5 0 -4 1.5 0 11 6 0 9.5
5.5 0 -4 2.5 0 -4 2.5 0 -4
5.5 0 -4 2.5 0 4 5.5 0 4
5.5 0 4 2.5 0 4 2.5 0 4
5.5 0 -4 5.5 0 4 5.5 0 4
5.5 0 -4 6 0 -9.5 6 0 -9.5
5.5 0 -4 6 0 -6.5 6 0 -6.5
5.5 0 -4 6 0 6.5 6 0 6.5
5.5 0 -4 6 0 9.5 6 0 9.5
5.5 0 -4 7.5 0 -11 7.5 0 -11
5.5 0 -4 7.5 0 -3 7.5 0 -3
5.5 0 -4 7.5 0 11 7.5 0 11
5.5 0 -4 10.5 0 -11 7.5 0 -11
5.5 0 -4 10.5 0 -3 10.5 0 -3
5.5 0 -4 10.5 0 11 7 0 1.5
5.5 0 4 -10.5 0 -11 2.5 0 4
5.5 0 4 -10.5 0 -3 2.5 0 4
5.5 0 4 -10.5 0 3 -2.5 0 4
5.5 0 4 -10.5 0 11 -6 0 6.5
5.5 0 4 -7.5 0 -11 2.5 0 4
5.5 0 4 -7.5 0 -3 2.5 0 4
5.5 0 4 -7.5 0 3 -2.5 0 4
5.5 0 4 -7.5 0 11 -6 0 6.5
5.5 0 4 -7 0 -1.5 -5.5 0 4
5.5 0 4 -7 0 1.5 -5.5 0 4
5.5 0 4 -6 0 -9.5 2.5 0 4
5.5 0 4 -6 0 -6.5 2.5 0 4
5.5 0 4 -6 0 6.5 -6 0 6.5
5.5 0 4 -6 0 9.5 -6 0 6.5
5.5 0 4 -5.5 0 -4 2.5 0 4
5.5 0 4 -5.5 0 4 -5.5 0 4
5.5 0 4 -2.5 0 -4 2.5 0 4
5.5 0 4 -2.5 0 4 -2.5 0 4
5.5 0 4 -1.5 0 -11 6 0 -9.5
5.5 0 4 -1.5 0 11 6 0 9.5
5.5 0 4 1.5 0 -11 6 0 -9.5
5.5 0 4 1.5 0 11 6 0 9.5
5.5 0 4 2.5 0 -4 5.5 0 -4
5.5 0 4 5.5 0 -4 5.5 0 -4
5.5 0 4 6 0 -9.5 6 0 -9.5
5.5 0 4 6 0 -6.5 6 0 -6.5
5.5 0 4 6 0 6.5 6 0 6.5
5.5 0 4 6 0 9.5 6 0 9.5
5.5 0 4 7.5 0 -11 7.5 0 -11
5.5 0 4 7.5 0 3 7.5 0 3
5.5 0 4 7.5 0 11 7.5 0 11
5.5 0 4 10.5 0 -11 7 0 -1.5
5.5 0 4 10.5 0 3 10.5 0 3
5.5 0 4 10.5 0 11 7.5 0 11
6 0 -9.5 -10.5 0 -11 -10.5 0 -11
6 0 -9.5 -10.5 0 -3 6 0 -6.5
6 0 -6.5 -10.5 0 -3 -10.5 0 -3
6 0 -9.5 -10.5 0 3 6 0 -6.5
6 0 -6.5 -10.5 0 3 -5.5 0 -4
6 0 -9.5 -10.5 0 11 6 0 -6.5
6 0 -6.5 -10.5 0 11 -6 0 6.5
6 0 -9.5 -7.5 0 -11 -7.5 0 -11
6 0 -9.5 -7.5 0 -3 6 0 -6.5
6 0 -6.5 -7.5 0 -3 -7.5 0 -3
6 0 -9.5 -7.5 0 3 6 0 -6.5
6 0 -6.5 -7.5 0 3 2.5 0 -4
6 0 -9.5 -7.5 0 11 6 0 -6.5
6 0 -6.5 -7.5 0 11 -6 0 6.5
6 0 -9.5 -7 0 -1.5 6 0 -6.5
6 0 -6.5 -7 0 -1.5 -5.5 0 -4
6 0 -9.5 -7 0 1.5 6 0 -6.5
6 0 -6.5 -7 0 1.5 -5.5 0 -4
6 0 -9.5 -6 0 -9.5 -6 0 -9.5
6 0 -9.5 -6 0 -6.5 -6 0 -9.5
6 0 -9.5 -6 0 6.5 6 0 -6.5
6 0 -6.5 -6 0 6.5 -6 0 6.5
6 0 -9.5 -6 0 9.5 6 0 -6.5
6 0 -6.5 -6 0 9.5 -6 0 6.5
6 0 -9.5 -5.5 0 -4 6 0 -6.5
6 0 -6.5 -5.5 0 -4 -5.5 0 -4
6 0 -9.5 -5.5 0 4 6 0 -6.5
6 0 -6.5 -5.5 0 4 2.5 0 -4
6 0 -9.5 -2.5 0 -4 6 0 -6.5
6 0 -6.5 -2.5 0 -4 -2.5 0 -4
6 0 -9.5 -1.5 0 11 6 0 9.5
6 0 -9.5 7.5 0 -11 7.5 0 -11
6 0 -9.5 10.5 0 -11 7.5 0 -11
6 0 -6.5 -10.5 0 -11 6 0 -9.5
6 0 -6.5 -7.5 0 -11 6 0 -9.5
6 0 -6.5 -6 0 -9.5 -6 0 -6.5
6 0 -6.5 -6 0 -6.5 -6 0 -6.5
6 0 -6.5 -1.5 0 11 6 0 9.5
6 0 -6.5 1.5 0 11 6 0 9.5
6 0 -6.5 5.5 0 -4 5.5 0 -4
6 0 -6.5 5.5 0 4 5.5 0 4
6 0 -6.5 6 0 6.5 6 0 6.5
6 0 -6.5 6 0 9.5 6 0 9.5
6 0 -6.5 7 0 -1.5 7 0 -1.5
6 0 -6.5 7 0 1.5 7 0 1.5
6 0 -6.5 7.5 0 -3 7.5 0 -3
6 0 -6.5 7.5 0 3 7.5 0 3
6 0 -6.5 7.5 0 11 7.5 0 11
6 0 -6.5 10.5 0 -3 7.5 0 -3
6 0 -6.5 10.5 0 3 7 0 1.5
6 0 -6.5 10.5 0 11 7 0 1.5
6 0 6.5 -10.5 0 -11 -6 0 -6.5
6 0 6.5 -10.5 0 -3 -5.5 0 4
6 0 6.5 -10.5 0 3 -10.5 0 3
6 0 6.5 -10.5 0 11 6 0 9.5
6 0 9.5 -10.5 0 11 -10.5 0 11
6 0 6.5 -7.5 0 -11 -6 0 -6.5
6 0 6.5 -7.5 0 -3 2.5 0 4
6 0 6.5 -7.5 0 3 -7.5 0 3
6 0 6.5 -7.5 0 11 6 0 9.5
6 0 9.5 -7.5 0 11 -7.5 0 11
6 0 6.5 -7 0 -1.5 -5.5 0 4
6 0 6.5 -7 0 1.5 -5.5 0 4
6 0 6.5 -6 0 -9.5 -6 0 -6.5
6 0 6.5 -6 0 -6.5 -6 0 -6.5
6 0 6.5 -6 0 6.5 -6 0 6.5
6 0 6.5 -6 0 9.5 -6 0 6.5
6 0 6.5 -5.5 0 -4 2.5 0 4
6 0 6.5 -5.5 0 4 -5.5 0 4
6 0 6.5 -2.5 0 4 -2.5 0 4
6 0 6.5 -1.5 0 -11 6 0 -9.5
6 0 6.5 1.5 0 -11 6 0 -9.5
6 0 6.5 5.5 0 -4 5.5 0 -4
6 0 6.5 5.5 0 4 5.5 0 4
6 0 6.5 6 0 -9.5 6 0 -9.5
6 0 6.5 6 0 -6.5 6 0 -6.5
6 0 6.5 7 0 -1.5 7 0 -1.5
6 0 6.5 7 0 1.5 7 0 1.5
6 0 6.5 7.5 0 -11 7.5 0 -11
6 0 6.5 7.5 0 -3 7.5 0 -3
6 0 6.5 7.5 0 3 7.5 0 3
6 0 6.5 10.5 0 -11 7 0 -1.5
6 0 6.5 10.5 0 -3 7 0 -1.5
6 0 6.5 10.5 0 3 7.5 0 3
6 0 9.5 -10.5 0 -11 6 0 6.5
6 0 9.5 -10.5 0 -3 6 0 6.5
6 0 9.5 -10.5 0 3 6 0 6.5
6 0 9.5 -7.5 0 -11 6 0 6.5
6 0 9.5 -7.5 0 -3 6 0 6.5
6 0 9.5 -7.5 0 3 6 0 6.5
6 0 9.5 -7 0 -1.5 6 0 6.5
6 0 9.5 -7 0 1.5 6 0 6.5
6 0 9.5 -6 0 -9.5 6 0 6.5
6 0 9.5 -6 0 -6.5 6 0 6.5
6 0 9.5 -6 0 6.5 -6 0 9.5
6 0 9.5 -6 0 9.5 -6 0 9.5
6 0 9.5 -5.5 0 -4 6 0 6.5
6 0 9.5 -5.5 0 4 6 0 6.5
6 0 9.5 -2.5 0 4 6 0 6.5
6 0 9.5 -1.5 0 -11 6 0 -9.5
6 0 9.5 7.5 0 11 7.5 0 11
6 0 9.5 10.5 0 11 7.5 0 11
7 0 -1.5 -10.5 0 -11 5.5 0 -4
7 0 -1.5 -10.5 0 -3 5.5 0 -4
7 0 -1.5 -10.5 0 3 5.5 0 4
7 0 -1.5 -10.5 0 11 5.5 0 4
7 0 -1.5 -7.5 0 -11 5.5 0 -4
7 0 -1.5 -7.5 0 -3 5.5 0 -4
7 0 -1.5 -7.5 0 3 5.5 0 4
7 0 -1.5 -7.5 0 11 5.5 0 4
7 0 -1.5 -7 0 -1.5 5.5 0 -4
7 0 -1.5 -7 0 1.5 5.5 0 -4
7 0 -1.5 -6 0 -9.5 5.5 0 -4
7 0 -1.5 -6 0 -6.5 5.5 0 -4
7 0 -1.5 -6 0 6.5 5.5 0 4
7 0 -1.5 -6 0 9.5 5.5 0 4
7 0 -1.5 -5.5 0 -4 5.5 0 -4
7 0 -1.5 -5.5 0 4 5.5 0 4
7 0 -1.5 -2.5 0 -4 5.5 0 -4
7 0 -1.5 -2.5 0 4 5.5 0 4
7 0 -1.5 -1.5 0 -11 6 0 -9.5
7 0 -1.5 -1.5 0 11 6 0 9.5
7 0 -1.5 1.5 0 -11 6 0 -9.5
7 0 -1.5 1.5 0 11 6 0 9.5
7 0 -1.5 2.5 0 -4 5.5 0 -4
7 0 -1.5 2.5 0 4 5.5 0 4
7 0 -1.5 5.5 0 -4 5.5 0 -4
7 0 -1.5 5.5 0 4 5.5 0 4
7 0 -1.5 6 0 -9.5 6 0 -9.5
7 0 -1.5 6 0 -6.5 6 0 -6.5
7 0 -1.5 6 0 6.5 6 0 6.5
7 0 -1.5 6 0 9.5 6 0 9.5
7 0 -1.5 7 0 1.5 7 0 1.5
7 0 -1.5 7.5 0 -11 7.5 0 -11
7 0 -1.5 7.5 0 -3 7.5 0 -3
7 0 -1.5 7.5 0 3 7.5 0 3
7 0 -1.5 7.5 0 11 7.5 0 11
7 0 -1.5 10.5 0 3 7 0 1.5
7 0 -1.5 10.5 0 11 7 0 1.5
7 0 1.5 -10.5 0 -11 5.5 0 -4
7 0 1.5 -10.5 0 -3 5.5 0 -4
7 0 1.5 -10.5 0 3 5.5 0 4
7 0 1.5 -10.5 0 11 5.5 0 4
7 0 1.5 -7.5 0 -11 5.5 0 -4
7 0 1.5 -7.5 0 -3 5.5 0 -4
7 0 1.5 -7.5 0 3 5.5 0 4
7 0 1.5 -7.5 0 11 5.5 0 4
7 0 1.5 -7 0 -1.5 5.5 0 4
7 0 1.5 -7 0 1.5 5.5 0 4
7 0 1.5 -6 0 -9.5 5.5 0 -4
7 0 1.5 -6 0 -6.5 5.5 0 -4
7 0 1.5 -6 0 6.5 5.5 0 4
7 0 1.5 -6 0 9.5 5.5 0 4
7 0 1.5 -5.5 0 -4 5.5 0 -4
7 0 1.5 -5.5 0 4 5.5 0 4
7 0 1.5 -2.5 0 -4 5.5 0 -4
7 0 1.5 -2.5 0 4 5.5 0 4
7 0 1.5 -1.5 0 -11 6 0 -9.5
7 0 1.5 -1.5 0 11 6 0 9.5
7 0 1.5 1.5 0 -11 6 0 -9.5
7 0 1.5 1.5 0 11 6 0 9.5
7 0 1.5 2.5 0 -4 5.5 0 -4
7 0 1.5 2.5 0 4 5.5 0 4
7 0 1.5 5.5 0 -4 5.5 0 -4
7 0 1.5 5.5 0 4 5.5 0 4
7 0 1.5 6 0 -9.5 6 0 -9.5
7 0 1.5 6 0 -6.5 6 0 -6.5
7 0 1.5 6 0 6.5 6 0 6.5
7 0 1.5 6 0 9.5 6 0 9.5
7 0 1.5 7 0 -1.5 7 0 -1.5
7 0 1.5 7.5 0 -11 7.5 0 -11
7 0 1.5 7.5 0 -3 7.5 0 -3
7 0 1.5 7.5 0 3 7.5 0 3
7 0 1.5 7.5 0 11 7.5 0 11
7 0 1.5 10.5 0 -11 7 0 -1.5
7 0 1.5 10.5 0 -3 7 0 -1.5
7.5 0 -11 -10.5 0 -11 -10.5 0 -11
7.5 0 -11 -10.5 0 -3 6 0 -6.5
7.5 0 -11 -10.5 0 3 6 0 -6.5
7.5 0 -11 -10.5 0 11 6 0 -6.5
7.5 0 -11 -7.5 0 -11 -7.5 0 -11
7.5 0 -11 -7.5 0 -3 6 0 -6.5
7.5 0 -11 -7.5 0 3 6 0 -6.5
7.5 0 -11 -7.5 0 11 6 0 -6.5
7.5 0 -11 -7 0 -1.5 6 0 -6.5
7.5 0 -11 -7 0 1.5 6 0 -6.5
7.5 0 -11 -6 0 -9.5 -6 0 -9.5
7.5 0 -11 -6 0 -6.5 -6 0 -9.5
7.5 0 -11 -6 0 6.5 6 0 -6.5
7.5 0 -11 -6 0 9.5 6 0 -6.5
7.5 0 -11 -5.5 0 -4 6 0 -6.5
7.5 0 -11 -5.5 0 4 6 0 -6.5
7.5 0 -11 -2.5 0 -4 6 0 -6.5
7.5 0 -11 -2.5 0 4 6 0 -6.5
7.5 0 -11 -1.5 0 -11 -1.5 0 -11
7.5 0 -11 -1.5 0 11 6 0 9.5
7.5 0 -11 1.5 0 -11 1.5 0 -11
7.5 0 -11 1.5 0 11 6 0 9.5
7.5 0 -11 2.5 0 -4 6 0 -6.5
7.5 0 -11 2.5 0 4 6 0 -6.5
7.5 0 -11 5.5 0 -4 5.5 0 -4
7.5 0 -11 5.5 0 4 5.5 0 4
7.5 0 -11 6 0 -9.5 6 0 -9.5
7.5 0 -11 6 0 -6.5 6 0 -6.5
7.5 0 -11 6 0 6.5 6 0 6.5
7.5 0 -11 6 0 9.5 6 0 9.5
7.5 0 -11 7 0 -1.5 7 0 -1.5
7.5 0 -11 7 0 1.5 7 0 1.5
7.5 0 -11 7.5 0 -3 7.5 0 -3
7.5 0 -11 7.5 0 3 7 0 -1.5
7.5 0 -11 7.5 0 11 7 0 1.5
7.5 0 -11 10.5 0 -3 7.5 0 -3
7.5 0 -11 10.5 0 3 7 0 1.5
7.5 0 -11 10.5 0 11 7 0 1.5
7.5 0 -3 -10.5 0 -11 -6 0 -6.5
7.5 0 -3 -10.5 0 -3 2.5 0 -4
7.5 0 -3 -10.5 0 3 2.5 0 -4
7.5 0 -3 -10.5 0 11 2.5 0 -4
7.5 0 -3 -7.5 0 -11 -6 0 -6.5
7.5 0 -3 -7.5 0 -3 2.5 0 -4
7.5 0 -3 -7.5 0 3 2.5 0 -4
7.5 0 -3 -7.5 0 11 2.5 0 -4
7.5 0 -3 -7 0 -1.5 2.5 0 -4
7.5 0 -3 -7 0 1.5 2.5 0 -4
7.5 0 -3 -6 0 -9.5 -6 0 -6.5
7.5 0 -3 -6 0 -6.5 -6 0 -6.5
7.5 0 -3 -6 0 6.5 2.5 0 -4
7.5 0 -3 -6 0 9.5 2.5 0 -4
7.5 0 -3 -5.5 0 -4 2.5 0 -4
7.5 0 -3 -5.5 0 4 2.5 0 -4
7.5 0 -3 -2.5 0 -4 2.5 0 -4
7.5 0 -3 -2.5 0 4 2.5 0 -4
7.5 0 -3 -1.5 0 -11 6 0 -9.5
7.5 0 -3 -1.5 0 11 6 0 9.5
7.5 0 -3 1.5 0 -11 6 0 -9.5
7.5 0 -3 1.5 0 11 6 0 9.5
7.5 0 -3 2.5 0 -4 2.5 0 -4
7.5 0 -3 2.5 0 4 5.5 0 4
7.5 0 -3 5.5 0 -4 5.5 0 -4
7.5 0 -3 5.5 0 4 5.5 0 4
7.5 0 -3 6 0 -9.5 6 0 -9.5
7.5 0 -3 6 0 -6.5 6 0 -6.5
7.5 0 -3 6 0 6.5 6 0 6.5
7.5 0 -3 6 0 9.5 6 0 9.5
7.5 0 -3 7 0 -1.5 7 0 -1.5
7.5 0 -3 7 0 1.5 7 0 1.5
7.5 0 -3 7.5 0 -11 7.5 0 -11
7.5 0 -3 7.5 0 3 7 0 1.5
7.5 0 -3 7.5 0 11 7 0 1.5
7.5 0 -3 10.5 0 -11 7.5 0 -11
7.5 0 -3 10.5 0 3 7 0 1.5
7.5 0 -3 10.5 0 11 7 0 1.5
7.5 0 3 -10.5 0 -11 2.5 0 4
7.5 0 3 -10.5 0 -3 2.5 0 4
7.5 0 3 -10.5 0 3 2.5 0 4
7.5 0 3 -10.5 0 11 -6 0 6.5
7.5 0 3 -7.5 0 -11 2.5 0 4
7.5 0 3 -7.5 0 -3 2.5 0 4
7.5 0 3 -7.5 0 3 2.5 0 4
7.5 0 3 -7.5 0 11 -6 0 6.5
7.5 0 3 -7 0 -1.5 2.5 0 4
7.5 0 3 -7 0 1.5 2.5 0 4
7.5 0 3 -6 0 -9.5 2.5 0 4
7.5 0 3 -6 0 -6.5 2.5 0 4
7.5 0 3 -6 0 6.5 -6 0 6.5
7.5 0 3 -6 0 9.5 -6 0 6.5
7.5 0 3 -5.5 0 -4 2.5 0 4
7.5 0 3 -5.5 0 4 2.5 0 4
7.5 0 3 -2.5 0 -4 2.5 0 4
7.5 0 3 -2.5 0 4 2.5 0 4
7.5 0 3 -1.5 0 -11 6 0 -9.5
7.5 0 3 -1.5 0 11 6 0 9.5
7.5 0 3 1.5 0 -11 6 0 -9.5
7.5 0 3 1.5 0 11 6 0 9.5
7.5 0 3 2.5 0 -4 5.5 0 -4
7.5 0 3 2.5 0 4 2.5 0 4
7.5 0 3 5.5 0 -4 5.5 0 -4
7.5 0 3 5.5 0 4 5.5 0 4
7.5 0 3 6 0 -9.5 6 0 -9.5
7.5 0 3 6 0 -6.5 6 0 -6.5
7.5 0 3 6 0 6.5 6 0 6.5
7.5 0 3 6 0 9.5 6 0 9.5
7.5 0 3 7 0 -1.5 7 0 -1.5
7.5 0 3 7 0 1.5 7 0 1.5
7.5 0 3 7.5 0 -11 7 0 -1.5
7.5 0 3 7.5 0 -3 7 0 -1.5
7.5 0 3 7.5 0 11 7.5 0 11
7.5 0 3 10.5 0 -11 7 0 -1.5
7.5 0 3 10.5 0 -3 7 0 -1.5
7.5 0 3 10.5 0 11 7.5 0 11
7.5 0 11 -10.5 0 -11 6 0 6.5
7.5 0 11 -10.5 0 -3 6 0 6.5
7.5 0 11 -10.5 0 3 6 0 6.5
7.5 0 11 -10.5 0 11 -10.5 0 11
7.5 0 11 -7.5 0 -11 6 0 6.5
7.5 0 11 -7.5 0 -3 6 0 6.5
7.5 0 11 -7.5 0 3 6 0 6.5
7.5 0 11 -7.5 0 11 -7.5 0 11
7.5 0 11 -7 0 -1.5 6 0 6.5
7.5 0 11 -7 0 1.5 6 0 6.5
7.5 0 11 -6 0 -9.5 6 0 6.5
7.5 0 11 -6 0 -6.5 6 0 6.5
7.5 0 11 -6 0 6.5 -6 0 9.5
7.5 0 11 -6 0 9.5 -6 0 9.5
7.5 0 11 -5.5 0 -4 6 0 6.5
7.5 0 11 -5.5 0 4 6 0 6.5
7.5 0 11 -2.5 0 -4 6 0 6.5
7.5 0 11 -2.5 0 4 6 0 6.5
7.5 0 11 -1.5 0 -11 6 0 -9.5
7.5 0 11 -1.5 0 11 -1.5 0 11
7.5 0 11 1.5 0 -11 6 0 -9.5
7.5 0 11 1.5 0 11 1.5 0 11
7.5 0 11 2.5 0 -4 6 0 6.5
7.5 0 11 2.5 0 4 6 0 6.5
7.5 0 11 5.5 0 -4 5.5 0 -4
7.5 0 11 5.5 0 4 5.5 0 4
7.5 0 11 6 0 -9.5 6 0 -9.5
7.5 0 11 6 0 -6.5 6 0 -6.5
7.5 0 11 6 0 6.5 6 0 6.5
7.5 0 11 6 0 9.5 6 0 9.5
7.5 0 11 7 0 -1.5 7 0 -1.5
7.5 0 11 7 0 1.5 7 0 1.5
7.5 0 11 7.5 0 -11 7 0 -1.5
7.5 0 11 7.5 0 -3 7 0 1.5
7.5 0 11 7.5 0 3 7.5 0 3
7.5 0 11 10.5 0 -11 7 0 -1.5
7.5 0 11 10.5 0 -3 7 0 -1.5
7.5 0 11 10.5 0 3 7.5 0 3
10.5 0 -11 -10.5 0 -11 -10.5 0 -11
10.5 0 -11 -10.5 0 -3 7.5 0 -11
10.5 0 -11 -10.5 0 3 7.5 0 -11
10.5 0 -11 -10.5 0 11 7.5 0 -11
10.5 0 -11 -7.5 0 -11 -7.5 0 -11
10.5 0 -11 -7.5 0 -3 7.5 0 -11
10.5 0 -11 -7.5 0 3 7.5 0 -11
10.5 0 -11 -7.5 0 11 7.5 0 -11
10.5 0 -11 -7 0 -1.5 7.5 0 -11
10.5 0 -11 -7 0 1.5 7.5 0 -11
10.5 0 -11 -6 0 -9.5 -6 0 -9.5
10.5 0 -11 -6 0 -6.5 -6 0 -9.5
10.5 0 -11 -6 0 6.5 7.5 0 -11
10.5 0 -11 -6 0 9.5 7.5 0 -11
10.5 0 -11 -5.5 0 -4 7.5 0 -11
10.5 0 -11 -5.5 0 4 7.5 0 -11
10.5 0 -11 -2.5 0 -4 7.5 0 -11
10.5 0 -11 -2.5 0 4 7.5 0 -11
10.5 0 -11 -1.5 0 -11 -1.5 0 -11
10.5 0 -11 -1.5 0 11 10.5 0 -3
10.5 0 -3 -1.5 0 11 7 0 -1.5
10.5 0 -11 1.5 0 -11 1.5 0 -11
10.5 0 -11 1.5 0 11 10.5 0 -3
10.5 0 -3 1.5 0 11 7 0 -1.5
10.5 0 -11 2.5 0 -4 7.5 0 -11
10.5 0 -11 2.5 0 4 7.5 0 -11
10.5 0 -11 5.5 0 -4 7.5 0 -11
10.5 0 -11 5.5 0 4 10.5 0 -3
10.5 0 -3 5.5 0 4 7 0 -1.5
10.5 0 -11 6 0 -9.5 7.5 0 -11
10.5 0 -11 6 0 -6.5 7.5 0 -11
10.5 0 -11 6 0 6.5 10.5 0 -3
10.5 0 -3 6 0 6.5 7 0 -1.5
10.5 0 -11 6 0 9.5 10.5 0 -3
10.5 0 -3 6 0 9.5 7 0 -1.5
10.5 0 -11 7 0 -1.5 10.5 0 -3
10.5 0 -3 7 0 -1.5 7 0 -1.5
10.5 0 -11 7 0 1.5 10.5 0 -3
10.5 0 -3 7 0 1.5 7 0 -1.5
10.5 0 -11 7.5 0 -11 7.5 0 -11
10.5 0 -11 7.5 0 -3 10.5 0 -3
10.5 0 -3 7.5 0 -3 7.5 0 -3
10.5 0 -11 7.5 0 3 10.5 0 -3
10.5 0 -3 7.5 0 3 7 0 -1.5
10.5 0 -11 7.5 0 11 10.5 0 -3
10.5 0 -3 7.5 0 11 7 0 -1.5
10.5 0 -11 10.5 0 -3 10.5 0 -3
10.5 0 -11 10.5 0 3 10.5 0 -3
10.5 0 -3 10.5 0 3 7 0 -1.5
10.5 0 -11 10.5 0 11 10.5 0 -3
10.5 0 -3 10.5 0 11 7 0 -1.5
10.5 0 -3 -10.5 0 -11 -6 0 -6.5
10.5 0 -3 -10.5 0 -3 2.5 0 -4
10.5 0 -3 -10.5 0 3 2.5 0 -4
10.5 0 -3 -10.5 0 11 7 0 -1.5
10.5 0 -3 -7.5 0 -11 -6 0 -6.5
10.5 0 -3 -7.5 0 -3 2.5 0 -4
10.5 0 -3 -7.5 0 3 2.5 0 -4
10.5 0 -3 -7.5 0 11 7 0 -1.5
10.5 0 -3 -7 0 -1.5 2.5 0 -4
10.5 0 -3 -7 0 1.5 2.5 0 -4
10.5 0 -3 -6 0 -9.5 -6 0 -6.5
10.5 0 -3 -6 0 -6.5 -6 0 -6.5
10.5 0 -3 -6 0 6.5 7 0 -1.5
10.5 0 -3 -6 0 9.5 7 0 -1.5
10.5 0 -3 -5.5 0 -4 2.5 0 -4
10.5 0 -3 -5.5 0 4 2.5 0 -4
10.5 0 -3 -2.5 0 -4 2.5 0 -4
10.5 0 -3 -2.5 0 4 2.5 0 -4
10.5 0 -3 -1.5 0 -11 7.5 0 -3
10.5 0 -3 1.5 0 -11 7.5 0 -3
10.5 0 -3 2.5 0 -4 2.5 0 -4
10.5 0 -3 2.5 0 4 7 0 -1.5
10.5 0 -3 5.5 0 -4 5.5 0 -4
10.5 0 -3 6 0 -9.5 7.5 0 -3
10.5 0 -3 6 0 -6.5 7.5 0 -3
10.5 0 -3 7.5 0 -11 10.5 0 -11
10.5 0 3 -10.5 0 -11 7 0 1.5
10.5 0 3 -10.5 0 -3 2.5 0 4
10.5 0 3 -10.5 0 3 2.5 0 4
10.5 0 3 -10.5 0 11 -6 0 6.5
10.5 0 3 -7.5 0 -11 7 0 1.5
10.5 0 3 -7.5 0 -3 2.5 0 4
10.5 0 3 -7.5 0 3 2.5 0 4
10.5 0 3 -7.5 0 11 -6 0 6.5
10.5 0 3 -7 0 -1.5 2.5 0 4
10.5 0 3 -7 0 1.5 2.5 0 4
10.5 0 3 -6 0 -9.5 7 0 1.5
10.5 0 3 -6 0 -6.5 7 0 1.5
10.5 0 3 -6 0 6.5 -6 0 6.5
10.5 0 3 -6 0 9.5 -6 0 6.5
10.5 0 3 -5.5 0 -4 2.5 0 4
10.5 0 3 -5.5 0 4 2.5 0 4
10.5 0 3 -2.5 0 -4 2.5 0 4
10.5 0 3 -2.5 0 4 2.5 0 4
10.5 0 3 -1.5 0 -11 7 0 1.5
10.5 0 3 -1.5 0 11 7.5 0 3
10.5 0 3 1.5 0 -11 7 0 1.5
10.5 0 3 1.5 0 11 7.5 0 3
10.5 0 3 2.5 0 -4 7 0 1.5
10.5 0 3 2.5 0 4 2.5 0 4
10.5 0 3 5.5 0 -4 7 0 1.5
10.5 0 3 5.5 0 4 5.5 0 4
10.5 0 3 6 0 -9.5 7 0 1.5
10.5 0 3 6 0 -6.5 7 0 1.5
10.5 0 3 6 0 6.5 7.5 0 3
10.5 0 3 6 0 9.5 7.5 0 3
10.5 0 3 7 0 -1.5 7 0 1.5
10.5 0 3 7 0 1.5 7 0 1.5
10.5 0 3 7.5 0 -11 7 0 1.5
10.5 0 3 7.5 0 -3 7 0 1.5
10.5 0 3 7.5 0 3 7.5 0 3
10.5 0 3 7.5 0 11 10.5 0 11
10.5 0 11 7.5 0 11 7.5 0 11
10.5 0 3 10.5 0 -11 7 0 1.5
10.5 0 3 10.5 0 -3 7 0 1.5
10.5 0 11 -10.5 0 -11 7.5 0 11
10.5 0 11 -10.5 0 -3 7.5 0 11
10.5 0 11 -10.5 0 3 7.5 0 11
10.5 0 11 -10.5 0 11 -10.5 0 11
10.5 0 11 -7.5 0 -11 7.5 0 11
10.5 0 11 -7.5 0 -3 7.5 0 11
10.5 0 11 -7.5 0 3 7.5 0 11
10.5 0 11 -7.5 0 11 -7.5 0 11
10.5 0 11 -7 0 -1.5 7.5 0 11
10.5 0 11 -7 0 1.5 7.5 0 11
10.5 0 11 -6 0 -9.5 7.5 0 11
10.5 0 11 -6 0 -6.5 7.5 0 11
10.5 0 11 -6 0 6.5 -6 0 9.5
10.5 0 11 -6 0 9.5 -6 0 9.5
10.5 0 11 -5.5 0 -4 7.5 0 11
10.5 0 11 -5.5 0 4 7.5 0 11
10.5 0 11 -2.5 0 -4 7.5 0 11
10.5 0 11 -2.5 0 4 7.5 0 11
10.5 0 11 -1.5 0 -11 10.5 0 3
10.5 0 11 -1.5 0 11 -1.5 0 11
10.5 0 11 1.5 0 -11 10.5 0 3
10.5 0 11 1.5 0 11 1.5 0 11
10.5 0 11 2.5 0 -4 7.5 0 11
10.5 0 11 2.5 0 4 7.5 0 11
10.5 0 11 5.5 0 -4 10.5 0 3
10.5 0 11 5.5 0 4 7.5 0 11
10.5 0 11 6 0 -9.5 10.5 0 3
10.5 0 11 6 0 -6.5 10.5 0 3
10.5 0 11 6 0 6.5 7.5 0 11
10.5 0 11 6 0 9.5 7.5 0 11
10.5 0 11 7 0 -1.5 10.5 0 3
10.5 0 11 7 0 1.5 10.5 0 3
10.5 0 11 7.5 0 -11 10.5 0 3
10.5 0 11 7.5 0 -3 10.5 0 3
10.5 0 11 7.5 0 3 10.5 0 3
10.5 0 11 10.5 0 -11 10.5 0 3
10.5 0 11 10.5 0 -3 10.5 0 3
10.5 0 11 10.5 0 3 10.5 0 3